5 -0.621 -0.261 2.841
24 -1.498 2.757 5.000
43 1.736 4.219 6.374
62 1.675 4.687 10.132
76 1.179 8.179 11.599
95 4.552 8.093 13.420
119 6.216 8.218 10.006
126 5.096 8.703 6.422
133 6.846 12.045 6.287
143 9.761 14.375 5.731
163 11.372 16.805 8.123
179 10.170 20.423 8.132
190 13.024 21.951 6.121
204 13.026 19.436 3.229
218 12.539 20.834 -0.264
235 9.669 19.466 -2.307
254 9.398 19.910 -6.053
268 6.429 21.945 -7.231
285 4.723 21.548 -10.617
295 6.709 24.389 -12.221
307 9.989 22.906 -10.817
329 10.160 25.561 -8.119
346 11.504 24.036 -4.936
368 9.626 25.046 -1.813
390 10.008 24.085 1.846
410 7.645 21.358 3.077
429 6.872 23.672 6.051
443 5.633 26.310 3.557
458 3.339 23.918 1.617
477 -0.327 24.836 2.008
494 -3.455 22.966 0.907
509 -4.210 23.275 -2.809
516 -0.542 23.763 -3.759
528 0.641 21.857 -6.837
547 3.304 19.202 -6.352
563 5.191 17.281 -9.013
587 3.947 13.744 -8.934
598 5.115 10.656 -10.762
619 2.703 8.039 -12.062
630 4.141 4.603 -11.296
649 2.079 2.759 -13.899
663 2.370 5.310 -16.712
675 5.908 6.414 -15.713
690 4.972 10.022 -16.491
704 5.152 13.303 -14.575
724 1.846 14.889 -13.566
741 0.867 17.897 -11.471
758 -1.292 16.948 -8.487
772 -2.874 19.013 -5.757
782 -1.889 18.687 -2.120
798 -5.110 17.616 -0.462
812 -3.899 17.655 3.126
823 -0.735 18.357 5.050
842 -0.532 16.533 8.358
858 1.956 17.525 11.028
880 3.373 14.941 13.434
897 6.409 14.300 15.649
912 9.084 11.741 14.737
922 11.708 10.298 17.037
934 13.594 8.166 14.498
951 14.828 9.595 11.228
970 16.735 8.017 8.380
981 19.141 10.208 6.478
998 19.624 8.722 3.020
1017 22.613 10.290 1.287
1031 22.419 10.270 -2.511
1051 25.797 11.504 -3.719
1058 25.798 15.215 -2.921
1080 22.083 15.249 -1.966
1097 20.711 14.450 1.487
1114 17.125 13.342 2.201
1130 15.825 13.134 5.777
1146 12.980 10.700 6.024
1157 10.788 9.329 8.806
1171 10.516 5.621 9.800
1187 7.419 4.711 7.811
1201 8.061 6.939 4.775
1218 8.153 5.078 1.408
1242 10.615 5.608 -1.461
1262 10.494 4.214 -4.980
1283 13.140 1.659 -5.965
1297 13.200 1.657 -9.813
1309 15.103 -1.675 -10.037
1324 12.287 -3.632 -8.406
1335 9.684 -0.965 -9.318
1357 8.425 -1.245 -5.754
1376 7.771 1.164 -2.948
1400 9.886 0.313 0.078
1422 9.350 1.849 3.522
1433 12.495 3.385 4.939
1449 12.425 1.371 8.212
1462 10.859 -2.074 8.706
1474 7.228 -2.599 8.552
1493 7.248 -6.436 8.133
1505 8.176 -7.236 4.526
1512 9.695 -3.801 3.745
1523 12.881 -1.862 4.500
1530 15.226 0.676 2.924
1549 17.094 0.061 6.217
1560 17.751 -3.301 4.539
1580 18.669 -1.491 1.282
1599 22.317 -0.470 1.421
1621 24.989 1.248 -0.648
1643 24.538 1.313 -4.447
1664 20.801 0.555 -4.226
1676 18.709 2.890 -6.379
1697 15.921 5.398 -5.668
1716 14.209 7.426 -8.418
1735 14.731 11.188 -9.008
1746 13.076 14.406 -10.207
1761 14.632 14.122 -13.666
1776 13.609 10.423 -13.836
1783 17.221 9.374 -13.312
1798 18.281 6.684 -10.886
1820 20.151 8.005 -7.846
1839 22.507 5.719 -5.993
1856 22.318 5.517 -2.227
1875 25.791 6.346 -0.930
1889 24.934 5.753 2.727
1904 21.956 5.443 5.061
1923 22.300 6.667 8.635
1945 19.597 6.073 11.273
1959 19.307 8.825 13.871
1979 17.201 8.567 17.005
1993 16.820 12.270 17.652
2007 17.098 13.683 21.175
2029 14.941 16.614 20.084
2048 11.657 15.284 18.561
2060 11.525 16.552 14.991
2076 8.437 18.124 13.439
2096 7.516 16.147 10.387
2115 5.287 17.105 7.509
2136 3.353 14.664 5.402
2153 1.982 15.818 2.059
2172 -1.035 13.850 0.875
2189 -0.950 13.971 -2.896
2205 -4.382 13.563 -4.445
2220 -4.275 11.420 -7.603
2234 -0.879 9.732 -7.853
2248 -0.043 9.757 -4.087
2265 3.565 10.361 -5.114
2279 5.740 13.477 -4.763
2299 9.392 14.475 -5.071
2319 11.167 15.445 -1.854
2329 14.666 16.859 -2.374
2343 14.291 15.502 -5.883
2350 13.772 11.857 -4.725
2366 10.486 9.999 -5.268
2385 8.436 9.732 -2.101
2395 5.074 7.988 -1.561
2412 2.505 9.712 0.614
2422 0.858 7.966 3.618
2439 -1.988 6.650 1.421
2456 -4.615 8.233 3.705
2472 -4.069 9.088 7.402
2483 -6.057 6.246 9.000
